image_width: 1280
image_height: 800
camera_name: ov9281_00
camera_matrix:
  rows: 3
  cols: 3
  data: [559.42401, 0., 641.67763, 0., 557.77515, 387.86262, 0., 0., 1.]
camera_model: plumb_bob
distortion_coefficients:
  rows: 1
  cols: 5
  data: [-0.238967, 0.039075, 0.000537, 0.000402, 0.000000]
rectification_matrix:
  rows: 3
  cols: 3
  data: [1., 0., 0., 0., 1., 0., 0., 0., 1.]
projection_matrix:
  rows: 3
  cols: 4
  data:
    [384.78372, 0., 642.34459, 0., 0., 473.70786, 383.45667, 0., 0., 0., 1., 0.]
